
   178056.250      -1.56787312       8.69998261E-02  0.455615669       4765561.00      -2.88244772       7.27221394       3.06912184       11104909.0       1.56342041      0.437807500       3.10411024    
   168240.156      -1.56787646       505356.969      -1.56788635       4776980.50      -2.88262606       966780.438      -1.57127786       10451494.0       1.56340110       2917023.25       2.39483215E-05
   139059.406      -1.56788504       953313.062      -1.56788528       4805967.00      -2.88307571       1824024.25      -1.57128227       8553819.00       1.56335044       4478417.50       2.11772640E-05
   92187.6641      -1.56789505       1289849.75      -1.56788397       4839049.50      -2.88358331       2468348.00      -1.57128930       5608168.00       1.56329238       3947541.25       2.33309784E-05
   32340.2969      -1.56790102       1470818.50      -1.56788313       4860713.50      -2.88391304       2814969.00      -1.57128668       1953394.12       1.56325555       1561405.38       2.29040470E-05
   32340.2852       1.57369244       1470818.12      -1.56788290       4860712.50      -2.88391304       2814970.00      -1.57128370       1953394.12      -1.57833266       1561412.75      -3.14156318    
   92187.6641       1.57369828       1289849.12      -1.56788373       4839050.50      -2.88358355       2468351.25      -1.57128704       5608166.50      -1.57829809       3947540.75      -3.14156866    
   139059.422       1.57370758       953312.750      -1.56788540       4805967.00      -2.88307571       1824019.88      -1.57129002       8553820.00      -1.57824183       4478413.50      -3.14156842    
   168240.203       1.57371616       505356.719      -1.56788635       4776981.50      -2.88262606       966779.750      -1.57127750       10451501.0      -1.57818854       2917019.25      -3.14156842    
   178056.266       1.57371962      0.224436417       2.61251593       4765560.00      -2.88244772       5.96513700       2.97368789       11104899.0      -1.57817101      0.925337791     -0.900274813    
   5840346.00       8273.50684       7.03125000E-02   0.00000000      -2.29687500     -0.275952160       9.37500000E-02  -1.12304685E-03   237805424.       1301485.62       21.2500000       8.12500045E-02
  -1.56250000E-02   3.66210952E-05   38629632.0       22733.2305     -0.647460938      -9.46044966E-05   66294476.0      -7322.81494       1.81250000       9.96093731E-03   262.875000     -0.398242205    
 -0.250000000       4.37499993E-02 -0.843750000      -5.31250015E-02   119114632.       6182127.50       305.125000      -8.74999985E-02  -40.0000000      -14.1999998      -29.2500000      -1.25000000    
   2.73437500E-02  -1.22070314E-05   63241044.0      -11281.6895     -0.625000000      -9.29260277E-04   1.97714701E+09   3658.01172       100.000000      -3.07617197E-03  -468.062500       19.2299328    
   233167824.       1280633.38       21.0000000      -3.75000015E-02  -522.000000      -18.4375000      -132.000000     -0.162500009       1.27420080E+11   201455728.      -6632.00000       10.3000002    
   0.00000000      -3.66210952E-05   233.000000       2.08430791      -1.56250000      -5.03540032E-05   1218.87500       7.51360178      -584.000000       1.46484381E-04   5.70732421E+10   262301.719    
   205999.391      -1.63199031      0.288858682       2.98954940       8788496.00      -2.70031333       6.70355463      -2.20797706       72971232.0       1.59647095       1.83361197       2.74989271    
   202017.859      -1.62908566       1110426.25      -1.54417264       8876168.00      -2.70082808       2234700.00      -1.57237303       68937680.0       1.59618497       13612764.0       1.01994036E-03
   182372.141      -1.62262464       2124360.00      -1.54412925       9100457.00      -2.70211339       4279420.50      -1.57237363       56961244.0       1.59546363       21062084.0       1.02135865E-03
   132459.234      -1.61652279       2920068.25      -1.54408002       9359549.00      -2.70354557       5888661.00      -1.57237291       37750556.0       1.59465027       18729012.0       1.02399907E-03
   49105.3398      -1.61310399       3363943.00      -1.54404807       9530999.00      -2.70446444       6788413.00      -1.57237661       13241358.0       1.59412289       7450382.50       1.02492457E-03
   49105.4375       1.52848840       3363942.25      -1.54404795       9530999.00      -2.70446420       6788410.00      -1.57237720       13241365.0      -1.54746580       7450386.50      -3.14056492    
   132459.219       1.52506745       2920067.50      -1.54408014       9359550.00      -2.70354581       5888668.50      -1.57237422       37750568.0      -1.54694092       18729020.0      -3.14056802    
   182372.219       1.51896667       2124360.00      -1.54412913       9100459.00      -2.70211339       4279414.00      -1.57237315       56961300.0      -1.54612803       21062092.0      -3.14056993    
   202017.922       1.51250541       1110426.25      -1.54417312       8876167.00      -2.70082808       2234704.75      -1.57237101       68937672.0      -1.54540682       13612752.0      -3.14057207    
   205999.500       1.50960088      0.176943406       1.88843167       8788495.00      -2.70031333       7.48967123       1.30449033       72971240.0      -1.54512107       4.29854393      0.779337645    
   6326074.50       101652.305      -2.34375000E-02  -3.74177611E-03  -1.41406250     -0.672944069      0.625000000       3.91447358E-02   286990336.       15109615.0       13.2500000      -1.77763152    
   0.00000000      -1.43914469E-04   42627692.0       342469.969      -2.03222656      -4.10156231E-03   69483232.0      -40808.0508      -4.50000000      0.149671048       121.250000       5.55624962    
 -0.109375000      0.165789470       3.37500000       1.84210520E-02   102889384.       13593810.0       24.2500000      -1.36315787      -524.000000       35.9578934      -11.2500000     -0.294736832    
  -1.95312500E-02   2.15871696E-04   65709392.0      -101426.430      -6.59375000       2.69839633E-03   1.98091840E+09   12084.4424       192.000000       2.01480258E-02   8.50000000      -280.768494    
   281916160.       14891956.0       8.00000000     -0.147368416      -292.000000      -11.4210520       136.000000       4.71578932       1.34204187E+11   2.21387187E+09   640.000000      0.589473665    
  -1.00000000       0.00000000       185.000000       7.83009863      -1.96875000       1.00740127E-03   213.375000       17.8754730       1440.00000       1.29407895       6.02966016E+10   17809296.0    
   292350.312       2.45988631      0.295219570       2.27411246       11011233.0      -2.54990649       7.70705414       2.16974902       228138464.       1.71126795       4.25123549       1.48480201    
   255683.016       2.56765842       1874534.25      -1.45353937       11349132.0      -2.55002046       3942605.25      -1.56279802       217781792.       1.70998311       40458436.0       1.33523867E-02
   182048.953       2.92724085       3725013.00      -1.45315659       12231791.0      -2.55034924       7870189.00      -1.56281078       184694960.       1.70677614       63908112.0       1.34206302E-02
   123044.008      -2.85921717       5337678.00      -1.45272815       13283886.0      -2.55078101       11330898.0      -1.56282175       126020744.       1.70320487       58156868.0       1.34979039E-02
   49129.2695      -2.57678580       6312791.50      -1.45245183       13999156.0      -2.55109048       13439391.0      -1.56282985       45038328.0       1.70091462       23480344.0       1.35504734E-02
   49129.7773      0.564804435       6312791.00      -1.45245159       13999152.0      -2.55109024       13439364.0      -1.56282890       45038312.0      -1.44067705       23480382.0      -3.12804294    
   123044.438      0.282373399       5337678.50      -1.45272815       13283887.0      -2.55078125       11330939.0      -1.56282222       126020864.      -1.43838727       58156880.0      -3.12809396    
   182048.891     -0.214350894       3725011.00      -1.45315683       12231793.0      -2.55034971       7870205.50      -1.56281149       184695072.      -1.43481648       63908084.0      -3.12817192    
   255683.250     -0.573935091       1874533.75      -1.45353901       11349132.0      -2.55002069       3942620.75      -1.56279719       217781792.      -1.43160939       40458416.0      -3.12824035    
   292350.375     -0.681707084      0.262490124      0.966717958       11011231.0      -2.54990625       2.01432824      -4.34287312E-03   228138576.      -1.43032455       1.97231150       1.34677267    
   6653433.00       453617.406     -0.148437500       1.82565786E-02  0.984375000      0.815460503     -0.875000000      0.176480263       298070400.       63668348.0      -1.25000000      -4.47894716    
   7.81250000E-03  -1.52138155E-03   49027872.0       2331241.50      -1.63574219      -7.45476931E-02   76110856.0       334953.312       3.50000000      0.681578934       34.5000000       16.6256580    
 -0.648437500     -0.194736838       1.70312500      -1.47269738       82969472.0       19618210.0      -62.8125000      -47.1019745      -472.000000      -46.7368393       6.81250000       2.92105246    
  -3.90625000E-03  -7.13147601E-05   71216432.0      -83003.1719      -29.9062500       4.17191349E-03   1.98689126E+09  -11965.6709      -218.000000      -1.06496708E-02  -721.500000       180.135757    
   293316352.       62872588.0       3.00000000      0.194736838      -114.000000      -193.568420      -200.000000       0.00000000       1.35469326E+11   8.84169318E+09   720.000000      -806.989441    
 -0.500000000      -2.43421048E-02   206.000000      -26.8371696      -9.12500000       6.84621697E-03   222.000000      -140.414383      -2764.00000      0.340789467       6.66782679E+10   349055520.    
   1367179.12       2.35642242      0.326119721      -1.50114179       9582495.00      -2.45613337       1.27915549     -0.756117821       436595808.       1.87908924       15.1423779      -1.81092775    
   1251462.12       2.41621733       2363365.50      -1.24323726       10350350.0      -2.45149851       5282215.00      -1.50568378       427028224.       1.87626171       90907712.0       8.33295137E-02
   956906.312       2.60477281       5114037.00      -1.24352682       12450128.0      -2.44124198       11649699.0      -1.50703311       384417888.       1.86934686       150224752.       8.41291323E-02
   600803.438       2.89313841       7997267.00      -1.24349833       15125707.0      -2.43153524       18546720.0      -1.50822568       279871552.       1.86186910       143544208.       8.50411654E-02
   213040.453       3.11658859       9967789.00      -1.24331605       17048800.0      -2.42603588       23350008.0      -1.50885475       104184584.       1.85718679       59751688.0       8.56397226E-02
   213040.656      -2.50040088E-02   9967789.00      -1.24331570       17048798.0      -2.42603612       23350020.0      -1.50885487       104184616.      -1.28440595       59751720.0      -3.05595303    
   600803.438     -0.248454049       7997268.00      -1.24349844       15125710.0      -2.43153524       18546714.0      -1.50822616       279871584.      -1.27972353       143544208.      -3.05655122    
   956906.500     -0.536820233       5114034.00      -1.24352717       12450128.0      -2.44124222       11649686.0      -1.50703490       384417984.      -1.27224565       150224704.      -3.05746341    
   1251462.38     -0.725375533       2363364.50      -1.24323738       10350352.0      -2.45149827       5282216.00      -1.50568163       427028224.      -1.26533067       90907656.0      -3.05826306    
   1367178.88     -0.785170257      0.842808664       1.84813261       9582494.00      -2.45613313       16.3690968      0.694087327       436595936.      -1.26250339       25.5375137     -0.308540434    
   6337759.50       976677.938      -5.46875000E-02  -1.51315778E-02  -2.34375000E-02  0.733881533       6.25000000E-02 -0.408552587       204562352.       131267112.     -0.750000000       3.81315756    
  -7.81250000E-03   0.00000000       53244392.0       9062717.00      0.550781250      0.126254097       86521080.0       4085208.50      -3.56250000     -0.272368401      -63.7500000      -47.6644707    
 -0.523437500     -0.461513132       1.11718750      -1.02894735       65361036.0       22045936.0      -52.8125000       48.7842064      -24.0000000      -61.4947319       1.62500000       10.5315781    
   0.00000000      -9.45723616E-04   80932736.0       2429143.25      -16.6875000       4.75226119E-02   1.99929293E+09   1098212.38      -96.0000000       7.56578892E-03   1090.37500       54.2088776    
   201151504.       129759056.       10.0000000       0.00000000      -222.000000      -98.2947311      -16.0000000      -47.4526291       1.23990254E+11   1.77966899E+10   192.000000       7.74736786    
   1.00000000     -0.181578934       58.0000000       17.4315777      -12.1875000      0.249671042      -940.750000      -385.401276       2740.00000       14.0421047       7.85154621E+10   3.28400512E+09
   2266918.50       2.39533639      0.149533734       1.51026428       5115309.00      -2.41740918       10.2281065      -2.66370559       530524224.       2.03433728       28.7677898     -0.241317913    
   2149947.50       2.47601581       1863771.38     -0.882188737       6220141.00      -2.40912223       4336968.00      -1.35164607       546906816.       2.03222394       151893680.      0.299305588    
   1806843.25       2.73786402       4864174.50     -0.916247785       9500063.00      -2.38957572       12405676.0      -1.38098478       556847616.       2.02714014       273894784.      0.302489758    
   1319713.25       3.13056660       8980107.00     -0.939535975       14179982.0      -2.36910725       24459146.0      -1.39972758       459723232.       2.02177429       285954784.      0.306419492    
   534949.500      -2.88107848       12247094.0     -0.949657083       17857798.0      -2.35650158       34423520.0      -1.40791667       184538464.       2.01848316       125464416.      0.309159607    
   534949.625      0.260514408       12247094.0     -0.949656963       17857790.0      -2.35650182       34423496.0      -1.40791714       184538416.      -1.12310946       125464480.      -2.83243346    
   1319713.50      -1.10266237E-02   8980104.00     -0.939536214       14179978.0      -2.36910725       24459124.0      -1.39972758       459723392.      -1.11981821       285954816.      -2.83517313    
   1806843.38     -0.403728992       4864172.00     -0.916247964       9500056.00      -2.38957596       12405660.0      -1.38098574       556847680.      -1.11445248       273894752.      -2.83910275    
   2149947.75     -0.665577352       1863769.38     -0.882188559       6220138.50      -2.40912247       4336972.00      -1.35164881       546906816.      -1.10936892       151893600.      -2.84228730    
   2266918.25     -0.746256351      0.439554632       1.75709248       5115308.00      -2.41740894      0.413182825      0.839608550       530524224.      -1.10725570       60.1942558      0.107205294    
   5954622.00       1311558.12      -7.81250000E-03   0.00000000     -0.164062500      0.293996722     -0.218750000     -0.117598683       57429528.0       161074608.       2.75000000       12.2302628    
  -1.56250000E-02   9.04605258E-03   45543748.0       19813990.0     -0.474609375     -0.595908701       90986384.0       15511137.0      -4.56250000      -1.99013162       18.5000000      -164.131577    
 -0.660156250      -3.61842103E-02 -0.191406250      -1.42023027       54119668.0       19936784.0      -18.0937500      -2.71381569       47.0000000      -151.105255       2.93750000      -2.89473677    
   1.56250000E-02   2.26151315E-03   86896104.0       11907051.0       4.43750000      0.499229014       2.01569536E+09   9345048.00      -56.0000000      0.723684192      -69.5000000      -354.641449    
   55977844.0       159413984.       1.00000000      -5.78947353      -273.000000      -70.0526276      -188.000000       22.0000000       1.06964550E+11   2.35544678E+10   3416.00000       1370.94739    
  -2.50000000     -0.578947365      -58.0000000      -70.6315765       5.25000000       1.91776311       974.125000       8.46710491       2804.00000      -245.473679       8.99347988E+10   1.69403709E+10
   2031450.12       2.25979590      0.123207375      -1.22202528       723479.062     -0.268656701       3.71847343       3.05727601       377345312.       2.12223554       12.6848011     -0.359547675    
   2058984.50       2.34046435       718401.062      0.262094229       886958.812      -1.73429179       922527.000      0.361493886       436390528.       2.13209581       154063600.      0.684129655    
   1841219.88       2.67799258       2684655.75     -0.378306895       4548601.00      -2.30848694       6834220.00      -1.12871742       564111808.       2.15194368       325875904.      0.673819482    
   1496150.00      -2.88299227       7124320.00     -0.626871586       11251413.0      -2.36408806       24293230.0      -1.29825604       576199552.       2.16946554       392082144.      0.671068788    
   783421.188      -2.41505122       11495446.0     -0.702326000       17327158.0      -2.36842775       42502336.0      -1.33805835       260047984.       2.17922330       185624528.      0.672841489    
   783421.750      0.726540983       11495441.0     -0.702326357       17327158.0      -2.36842775       42502300.0      -1.33805835       260048112.     -0.962369263       185624704.      -2.46875095    
   1496150.12      0.258600354       7124320.00     -0.626871228       11251408.0      -2.36408830       24293204.0      -1.29825568       576199296.     -0.972126961       392082336.      -2.47052383    
   1841220.62     -0.463600844       2684652.50     -0.378306329       4548599.50      -2.30848670       6834207.50      -1.12871695       564111616.     -0.989648938       325875712.      -2.46777296    
   2058984.25     -0.801128745       718400.500      0.262093574       886957.812      -1.73429036       922532.688      0.361495942       436390560.      -1.00949717       154063504.      -2.45746303    
   2031450.38     -0.881796777      0.152472705      -1.94168758       723479.875     -0.268653721      0.958126128       3.11961818       377345312.      -1.01935709       23.5813541      0.775297523    
   6283094.50       1878127.38       1.56250000E-02  -5.26315793E-02  -7.81250000E-03 -0.189473689      -3.12500000E-02  -2.10526325E-02  -27873832.0       121893832.      -11.0000000       5.89473724    
  -3.90625000E-03   5.26315812E-03   30766868.0       26443798.0     -0.371582031     -0.725000024       82365784.0       29486268.0      0.281250000       2.82105279       11.8125000      -77.3894806    
 -0.919921875     -0.147368431      0.306640625       1.04210532       50814052.0       15631246.0       10.0625000      -9.57894802      -182.000000      -21.5578957      0.265625000       8.50526333    
   7.81250000E-03  -1.05263162E-02   81036232.0       24761032.0       17.0312500     -0.207236856       2.02258214E+09   27685708.0      -58.0000000       6.56842136      -1616.87500      -475.747375    
  -27617816.0       120846064.       0.00000000      -2.69473696      -98.0000000      -25.6000004       378.000000      -2.69473696       9.14175754E+10   2.36304200E+10   1844.00000      -803.031616    
  -1.00000000      0.673684239      -293.000000       179.200012       1.87500000      -3.53684235      -1458.62500       321.010529       992.000000       280.252655       7.36808141E+10   4.12022415E+10
   426440.219       6.81432858E-02  0.273136646       1.31349003       3836163.50      0.473143309       2.74055243      -1.71145427       77402272.0       2.29678607       10.1379900       1.09867430    
   546686.438       1.51766253       1366590.38       2.02637339       3542321.50      0.471048266       5536575.50       1.71281457       155307584.       2.22950125       76481424.0       1.39812076    
   1414804.75       2.20427227       1385938.62       1.53719735       1076452.88      0.103012644       4271298.50       1.51467144       378773856.       2.20760894       221192640.       1.10737932    
   1173833.25       3.00085282       3593049.50     -0.316884637       6929970.50      -2.37404895       16819764.0      -1.26419675       556463616.       2.21963453       340606560.      0.972196758    
   709037.062      -2.33631516       8880640.00     -0.548268735       16245428.0      -2.40296936       46657740.0      -1.33419859       295758528.       2.23151803       180244080.      0.929759264    
   709037.312      0.805277228       8880638.00     -0.548268914       16245427.0      -2.40296936       46657768.0      -1.33419847       295758720.     -0.910074949       180244224.      -2.21183300    
   1173833.50     -0.140740082       3593045.75     -0.316885144       6929965.00      -2.37404871       16819758.0      -1.26419759       556463808.     -0.921958089       340606464.      -2.16939592    
   1414805.50     -0.937320888       1385937.50       1.53719890       1076454.62      0.103015929       4271298.00       1.51467299       378773696.     -0.933983862       221192512.      -2.03421330    
   546686.125      -1.62393165       1366589.38       2.02637434       3542322.75      0.471048653       5536579.50       1.71281600       155307536.     -0.912091136       76481384.0      -1.74347234    
   426440.375      -3.07345033      0.351193219     -0.641364396       3836164.75      0.473143548      0.691228032      -1.12159288       77402328.0     -0.844807506       28.5665741       2.20824504    
   5655190.50       3149221.00       1.17187500E-02   6.00328902E-03 -0.175781250     -0.888486803      -1.56250000E-02  0.192105249      -7754412.00       92977800.0     -0.500000000      -8.83684158    
   1.95312500E-03  -2.40131561E-02   19982372.0       28880306.0      0.264160156      0.512530804       70048480.0       41549204.0       3.75781250       7.87631512      -65.5312500       103.352623    
  0.480468750      0.738404572     -0.210937500     -0.342187464       51206152.0       11792188.0       1.18750000      -2.08914447       121.000000      -123.715782       1.53125000      -2.40131569    
   1.95312500E-02  -1.20065780E-02   70592504.0       36519164.0      -13.0312500       1.21566606       2.01905242E+09   52657664.0       40.0000000      -1.63289464       1031.93750      -535.301270    
  -6780310.00       93395728.0      0.250000000     -0.384210497      -29.0000000      -76.6499939      -172.000000      -5.76315737       8.41417359E+10   1.75829586E+10  -214.000000       1143.41040    
  0.125000000       1.15263152      -165.000000       9.22105217     -0.910156250       1.72894728      -296.984375       443.571014      -804.000000       1343.19995       4.27912356E+10   4.88044954E+10
   3356647.50     -0.620978057       6.64149895E-02  0.418224335       2506334.00      0.395419568       1.65421486      0.419879943       169476432.      -1.17402053       3.69056773      0.661043227    
   2528763.75     -0.443231165       1307760.38       2.68965602       3286719.25      0.466408581       5335200.50       2.01099634       128614776.      -1.22213173       76097960.0      -2.97255731    
   1170057.12       1.07003379       2079180.88       2.53399253       3669336.25      0.567158639       10780446.0       1.87365615       95940784.0       2.41502929       72811392.0       2.26786351    
   1379240.38       2.58121085       762425.062       8.72067735E-02   2523075.50      -2.45575666       5923677.50      -1.33987987       453418880.       2.19559669       199189312.       1.10715485    
   1046846.50      -2.29391861       5137983.00     -0.450278163       14050165.0      -2.43254638       46375956.0      -1.39334869       326738240.       2.18099356       137635280.      0.982317209    
   1046847.06      0.847673357       5137983.00     -0.450278670       14050163.0      -2.43254662       46375936.0      -1.39334857       326738368.     -0.960598648       137635360.      -2.15927529    
   1379240.38     -0.560381114       762423.938       8.72062594E-02   2523068.00      -2.45575619       5923659.50      -1.33988070       453418816.     -0.945995748       199189264.      -2.03443766    
   1170057.12      -2.07156181       2079180.38       2.53399301       3669340.00      0.567158163       10780442.0       1.87365711       95940512.0     -0.726562083       72811392.0     -0.873727143    
   2528765.25       2.69836116       1307759.50       2.68965602       3286719.25      0.466408581       5335202.50       2.01099634       128614848.       1.91946077       76097952.0      0.169035777    
   3356647.50       2.52061462      0.624777138     -0.239743099       2506335.50      0.395418882       3.34849381       1.18468046       169476384.       1.96757209       28.1275520      -2.95153189    
   4795795.00       3854818.50       2.34375000E-02   1.34868417E-02 -0.535156250     -0.660855234       4.68750000E-02   6.74342066E-02  -18228532.0       93169520.0      -16.3750000       1.07894731    
   0.00000000      -6.74342085E-03   11362499.0       28921544.0      -3.17382812E-02  0.162685022       54283480.0       50947528.0      0.218750000      -4.20789480       59.0703125       112.642105    
  0.292968750      0.128124997     -0.117187500       1.83421052       52558824.0       8482715.00       26.1875000      -1.73980260      -56.0000000      -103.147362      0.375000000       6.25789452    
   3.90625000E-03  -6.74342085E-03   56181480.0       45951072.0     -0.937500000      0.933120847       2.00102925E+09   81302424.0       18.0000000       1.34868419      -371.750000      -645.210510    
  -17445882.0       95132256.0      -1.50000000       6.04210520       67.0000000      -17.2631569      -108.000000      -5.17894745       8.44501893E+10   1.20035686E+10   248.000000      -2793.17896    
   9.37500000E-02  -1.29473686      -25.0000000       124.294731      0.945312500      -1.99605262      -673.312500       721.707886       168.500000      -176.084198       3.06970542E+10   4.79315231E+10
   2633275.50     -0.593985617       3.44974697E-02   2.43296647       1114036.88      -2.43389153       1.98810530       2.87104869       140984208.      -1.20793223       2.71528196     -0.244978666    
   3045843.50     -0.562309027       701296.500      -2.05787063       182101.250      -1.35546398       2310962.00      -1.99226618       176542336.      -1.15124667       88363136.0      -2.16595364    
   1519628.50     -0.188186213       1044256.19       3.13166022       2860669.75      0.556820631       7476278.00       1.92058647       126331904.      -1.09037268       91782832.0      -2.36852646    
   1331429.25       2.38264608       403071.656       2.12425804       766013.188      0.557936668       4802651.50       1.67303061       278117920.       2.15732455       66465620.0       1.05035543    
   759923.125      -1.81710744       1251598.50     -0.724179029       11055329.0      -2.48966289       43088716.0      -1.52481270       330264416.       2.17417598       47356180.0      0.886213362    
   759923.125       1.32448494       1251599.88     -0.724178255       11055324.0      -2.48966289       43088700.0      -1.52481246       330264672.     -0.967416465       47356232.0      -2.25537968    
   1331429.88     -0.758947670       403071.719       2.12425852       766018.938      0.557936430       4802660.00       1.67303193       278117728.     -0.984267771       66465532.0      -2.09123802    
   1519631.00       2.95340562       1044256.56       3.13165998       2860668.25      0.556820512       7476262.00       1.92058599       126332200.       2.05122066       91782920.0      0.773065686    
   3045843.00       2.57928348       701297.188      -2.05786991       182102.766      -1.35547030       2310967.00      -1.99226677       176542304.       1.99034560       88363176.0      0.975638449    
   2633275.50       2.54760718      0.317147255       1.90747118       1114036.88      -2.43389130       1.53806579      -3.01965165       140984160.       1.93365967       27.4871693      -1.81049240    
   3598081.50       4978325.50       9.76562500E-03   7.48355221E-03 -0.566406250     -0.441529572      -3.90625000E-02  0.134703934      -21355626.0       70258768.0       6.87500000      -6.22631550    
   3.66210938E-03   7.48355221E-03   6891663.00       26470274.0      -3.18603516E-02  -3.97563726E-02   41928868.0       54054348.0      0.367187500      -6.52565765       44.2968750       187.028931    
   3.51562500E-02  0.381661177     -0.425781250      0.845641375       54362976.0       5694725.50      -19.2812500       4.01866770      -2.00000000       28.2578926     -0.125000000      -3.77171040    
  -8.00781250E-02  -7.48355221E-03   44388104.0       49407632.0       2.87500000       2.17397189       1.97895309E+09   101406056.       22.0000000       4.19078922       527.968750       1677.87231    
  -19524214.0       73650096.0       3.25000000       6.70526266      -87.0000000       68.7289429       24.0000000      -20.8342094       8.57904988E+10   8.27180083E+09   668.000000       708.842041    
  -2.00000000       1.43684196       99.5000000       118.778938      0.187500000      -1.07763147       244.937500       64.9572296      -110.000000       649.452576       1.83308698E+10   4.92098273E+10
   2475606.75       2.81474090       2.50113588E-02 -0.165148675       1794489.12      -2.69940782       1.04942226      0.335380435       44631664.0       2.13322186       6.01245165      0.404891789    
   800399.375      -2.87921166       958981.000     -0.712378919       1939945.12      -2.62690735       5954756.00      -1.20556271       13382367.0      -1.23917866       48050000.0     -0.583196044    
   2299918.00     -0.546488464       413060.406      -1.26722181       142695.828     -0.442013949       1661168.50      -1.33095944       144840208.      -1.06791973       46222572.0      -2.03301620    
   816447.812       1.87724531       298873.281       1.11558950       2292007.75      0.553045034       11446562.0       1.56607664       88998192.0       2.16187763       9566470.00     -0.698037982    
   651008.812      -2.04828763       2187721.25      -3.04974198       7718203.00      -2.57291603       38158872.0      -1.70081437       288511136.       2.09631252       85621696.0      -1.61307418    
   651007.875       1.09330523       2187719.25      -3.04974294       7718207.00      -2.57291555       38158844.0      -1.70081460       288511168.      -1.04528010       85621688.0       1.52851820    
   816447.938      -1.26434851       298873.406       1.11558855       2292009.25      0.553046227       11446553.0       1.56607711       88998176.0     -0.979713738       9566463.00       2.44355130    
   2299917.75       2.59510350       413059.969      -1.26721764       142693.781     -0.442010283       1661179.38      -1.33096063       144840256.       2.07367325       46222660.0       1.10857856    
   800401.688      0.262378603       958980.812     -0.712377131       1939947.88      -2.62690783       5954757.50      -1.20556247       13382370.0       1.90241444       48049992.0       2.55839658    
   2475606.75     -0.326851517      0.367513567       2.25962543       1794491.25      -2.69940782       2.36167240       2.65614152       44631636.0      -1.00837111       8.42516327     -0.896055400    
   2326731.50       5084629.50       0.00000000       0.00000000      0.375976562     -0.871710479       9.17968750E-02   0.00000000      -20962546.0       58855496.0      -5.87500000      0.263157874    
  -3.90625000E-03   1.23355258E-02   4290191.00       24692280.0      -8.05664062E-02  0.215871692       32004460.0       57295836.0     -0.781250000       3.61842084      -15.5937500       3.28947353    
 -0.132812500      0.135690778      0.218750000      0.435855240       55593156.0       3677258.25      -61.6250000      -1.05674338       289.000000      -98.5526276      -2.18750000      -4.67105246    
   6.25000000E-02   4.11184179E-03   34649532.0       52522640.0       4.50000000      0.290398836       1.95542682E+09   122915088.       62.0000000       11.1842098      -11.5000000      -301.973663    
  -17007420.0       69020064.0       1.00000000     -0.526315749       97.0000000      -11.4473677      -124.000000       22.6315765       8.69868093E+10   5.19219763E+09   772.000000       1082.10522    
  0.750000000      0.526315749      -3.00000000      -118.947357      -1.56250000E-02  -1.51315773       152.625000      -651.776245       151.000000       326.315765       1.24305633E+10   4.25398190E+10
   2776784.50       2.89200759       2.30992250E-02  -2.25311279       442013.469      0.385505229       1.23843479      -2.75570989       72915872.0       1.81437862      0.436198115       2.97644401    
   2976467.50       2.90499830       539798.062      0.878464520       244902.969       2.49719024       1452332.25      0.647196352       81847528.0       1.90337634       71496032.0      0.783229709    
   467971.219     -0.813830674       258832.891      -1.37161720       1146100.88      -2.79420853       6891450.50      -1.46914184       18975466.0      -1.56198871       6546365.50      0.240888596    
   399755.969      0.524221241       903280.875      0.227745399       1436453.75      0.104732573       11313463.0       1.39706779       58490188.0     -0.910820305       27462652.0       1.45048165    
   422028.625      -2.00101542       4107277.50      -3.13239884       6422650.00       2.19193435       32109312.0      -1.90000784       187147248.       1.81411469       226475104.      -1.67714071    
   422020.812       1.14055765       4107264.25      -3.13239980       6422642.00       2.19193363       32109254.0      -1.90000606       187147824.      -1.32747471       226475072.       1.46445155    
   399754.875      -2.61737466       903279.875      0.227744758       1436451.75      0.104728766       11313454.0       1.39706790       58490092.0       2.23077083       27462704.0      -1.69110954    
   467967.938       2.32775784       258832.438      -1.37161982       1146099.50      -2.79420805       6891455.00      -1.46914113       18975296.0       1.57958937       6546413.00      -2.90070629    
   2976466.25     -0.236594453       539797.562      0.878463745       244901.828       2.49718690       1452334.62      0.647196472       81847680.0      -1.23821557       71496000.0      -2.35836291    
   2776784.50     -0.249584764      0.164557606      -2.43813610       442015.125      0.385505974       1.10985839      -1.26309335       72915920.0      -1.32721388       16.0671597       1.54847860    
   1258746.50       4904398.00      -1.17187500E-02   6.72286190E-03  0.220703125       1.34457238E-02  -1.70898438E-02 -0.125493422      -20183552.0       25710330.0       1.28125000      -1.14736843    
  -3.90625000E-03  -8.96381587E-03   2838040.75       21855156.0      -9.35058594E-02 -0.114568770       23917364.0       55724260.0      0.343750000      -1.97203946      -61.9375000      -8.53355312    
   9.90625000       10.9851561       1.14843750      -1.04876649       34344008.0      -13814633.0       49.5937500       8.63663673      -259.000000       1443.38953      -1.00000000       7.06348705    
   7.81250000E-03  -4.48190793E-03   26736538.0       50494124.0      -4.37500000       1.54345703       1.93036467E+09   129758312.      -18.0000000      -5.37828952E-02   200.500000       279.671051    
  -16637794.0       70366528.0      0.750000000      -2.43815804       352.000000       6.59736824       96.0000000       36.5006599       8.07632732E+10   1.92510541E+09   716.000000       339.621063    
  -1.00000000      0.286842108      -8.25000000       67.6947403      -6.25000000E-02   1.41628289       23.0625000      -43.3490143      -56.0000000       80.3157883       9.03250842E+09   4.13157540E+10
   2270589.00     -0.164482877       5.72167849E-03  -2.58299327       881876.500      0.386741996      0.896670461       2.00055861       34636260.0     -0.883323789      0.279904634      -2.55359006    
   394042.188      0.388751894       664475.125       2.45143199       938302.688      0.511910975       4830119.00       2.05869007       20413972.0       1.68198562       37872348.0       2.71944785    
   1637660.12       3.08944511       118059.539      -2.00214267       590882.875      -2.97079968       3214495.75      -1.53028762       48513640.0       1.93988824       30755124.0     -0.230020568    
   634390.875     -0.557472229       520289.406      0.576466084       1232280.75      0.622531414       5354413.00       1.38519490       119993392.      -1.11398149       85666000.0       1.71505797    
   86359.5078      -2.64113975       4369818.50      -3.10253000       3379591.25      -2.68247461       24974264.0      -2.07053638       206994048.       2.00103164       319835840.      -1.66063404    
   86357.3047      0.500449538       4369812.50      -3.10252953       3379590.75      -2.68247485       24974266.0      -2.07053518       206994112.      -1.14056122       319835872.       1.48095858    
   634391.062       2.58411741       520288.781      0.576472998       1232286.50      0.622524738       5354396.50       1.38519454       119993376.       2.02761149       85665928.0      -1.42653418    
   1637660.88      -5.21477424E-02   118058.727      -2.00212002       590883.750      -2.97080088       3214481.00      -1.53028643       48513844.0      -1.20170343       30755158.0       2.91157103    
   394044.844      -2.75284505       664474.250       2.45143247       938302.250      0.511913776       4830119.50       2.05868936       20413976.0      -1.45961082       37872344.0     -0.422145575    
   2270589.75       2.97710943      0.358947694      0.162926465       881879.312      0.386743486       1.06902099       5.44914566E-02   34636220.0       2.25826931       15.4860888      -2.66225123    
   845794.812       4193876.50       0.00000000      -4.85197362E-03  0.536621094      -2.22462988      -7.81250000E-03   8.73355269E-02  -845849.375       41061688.0     -0.671875000      -2.48421049    
   0.00000000      -2.42598681E-03   2019255.00       19771544.0       2.46582031E-02   9.08986926E-02   17534002.0       55212688.0      -7.81250000E-03   1.01891446       16.0312500       32.9546051    
 -0.535156250       2.30226159       6.64062500E-02  -9.70394723E-03   63654740.0       744649.250      -39.1250000     -0.731435001      -374.000000      -36.9914474     -0.937500000       1.08684206    
  -7.81250000E-02   4.85197362E-03   20690786.0       48264016.0       2.12500000      -6.21659122E-03   1.90667456E+09   135943792.       72.0000000     -0.844243407      -193.500000      -461.985535    
  -17206720.0       5350538.50     -0.437500000      0.155263156      -237.000000      -280.638153      -28.0000000       6.75394726       9.80891075E+10  -251833696.       232.000000       6.21052647    
   1.00000000       0.00000000       15.0000000       10.5578947     -0.109375000      0.470641434       90.5312500       179.076645       15.0000000       95.6421051       7.31876403E+09   3.51435571E+10
   1125990.12     -0.144230515       9.14439559E-03 -0.607801974       446161.500      -2.52909541      0.578209698       2.84840584       36674976.0      -1.35764742       1.00263155       1.57079637    
   1990121.50     -0.107861467       424762.062      -1.68081081       138708.844     -0.709511459       1665184.12      -1.55719697       49651064.0      -1.24518239       49157408.0      -2.12061524    
   710706.750       2.39993262       337828.406      0.702230453       271223.875     -0.506483138       3785721.50       1.53248918       53122372.0       2.07036138       19494902.0     -0.210225850    
   508674.906      -7.20332637E-02   688263.125       2.78388095       152946.562      -2.81673193       2231061.75      -2.41425490       47661984.0      -1.20730579       76302680.0       1.94979584    
   120112.625      -3.14089775       3364391.00      -2.96876454       1405659.62      -2.84443045       17574272.0      -2.18387103       112692464.       1.85844672       358627968.      -1.58281779    
   120112.656       6.96097151E-04   3364382.75      -2.96876383       1405657.25      -2.84442997       17574240.0      -2.18387103       112692520.      -1.28314626       358627808.       1.55877495    
   508674.406       3.06955981       688263.750       2.78388357       152947.344      -2.81673527       2231067.50      -2.41425371       47661868.0       1.93428564       76302568.0      -1.19179595    
   710703.875     -0.741662979       337828.625      0.702230453       271220.625     -0.506483138       3785730.00       1.53248811       53122036.0      -1.07122922       19494834.0       2.93137479    
   1990120.25       3.03373122       424762.000      -1.68081081       138708.266     -0.709521949       1665189.00      -1.55719769       49651180.0       1.89640927       49157388.0       1.02097750    
   1125990.00       2.99736190      0.342944920       2.46001482       446163.219      -2.52909327       1.54147100      -2.99454522       36674904.0       1.78394318       16.9398994      -1.04147923    
   686776.562       3586827.75       1.95312500E-03   0.00000000     -0.411621094     -0.456928432       3.12500000E-02  -5.22203930E-03   3446493.50       25738678.0     -0.843750000       1.83815789    
   0.00000000      -2.61101965E-03   1563931.25       16930258.0      -2.80761719E-02  -4.12051529E-02   12446966.0       51719104.0       1.56250000E-02   5.61369210E-02   33.3750000      -33.9223671    
 -0.125000000      0.323766440       9.57031250E-02   9.13856849E-02   63853312.0       404542.656      -76.1250000      -1.17952812      -42.0000000      -16.5016441      -1.50000000      0.501315773    
  -4.68750000E-02   0.00000000       17194078.0       40222260.0      -4.09375000     -0.242824823       1.88552333E+09   123974408.       56.0000000       1.48305917       61.8125000      -309.562500    
  -616163.375       329871.500      0.375000000      -8.35526288E-02  -24.0000000      -3.41521358       4.00000000       1.39950657       9.69261466E+10   243613392.      -82.0000000       270.710510    
  -1.00000000      0.668421030       7.25000000       42.7789459       0.00000000       8.87746662E-02  -67.7187500       500.699585      -61.0000000       136.023682       4.89069619E+09   3.23473961E+10
   2206308.25       2.91381860       8.50386173E-03  0.165148675       222276.516       3.14002275      0.425661713      0.171628073       38139024.0       1.96514690       8.94736871E-02   0.00000000    
   1104958.00      -2.97766542       343963.844     -0.454332441       428184.781      -2.98313546       2497419.75      -1.00421596       2363685.50       1.24209285       39859204.0      0.504530847    
   773822.688     -0.637635112       373776.312       1.05889034       481010.719      0.631276429       3227618.50       1.42678666       43450880.0      -1.13089514       18033412.0       2.61055040    
   24012.2520       1.09793580       1198549.12      -2.88607144       341760.094      -2.80367017       6296073.00      -2.17727804       3240408.50      -1.61459875       50608976.0      -2.67733216    
   84830.5391      -2.75550008       1301869.75      -1.87767088       412824.438      -3.09814048       11589535.0      -1.96660507       47704332.0       1.61759675       253663024.      -1.33255625    
   84831.0000      0.386092305       1301867.62      -1.87766659       412823.656      -3.09813762       11589535.0      -1.96660316       47704352.0      -1.52399564       253662880.       1.80903673    
   24011.9844      -2.04364800       1198549.25      -2.88607121       341760.688      -2.80367112       6296081.00      -2.17728090       3240430.00       1.52698410       50608980.0      0.464262724    
   773823.812       2.50395775       373774.438       1.05888939       481011.344      0.631268680       3227603.00       1.42678726       43450948.0       2.01069975       18033472.0     -0.531032681    
   1104959.88      0.163926169       343962.875     -0.454333484       428185.750      -2.98313665       2497421.75      -1.00421631       2363673.00      -1.89947248       39859268.0      -2.63706136    
   2206308.25     -0.227774113      0.174507067      -2.06310987       222277.531       3.14001918      0.564053416     -0.250464022       38139044.0      -1.17644489       12.6186457      0.416064531    
   850845.688       2977256.00       9.76562500E-04   2.79605272E-03 -0.530273438     -0.995394766       7.81250000E-03   5.59210544E-03   15108162.0       20958764.0      0.468750000     -0.536842108    
   0.00000000       4.19407897E-03  -309158.938       9822900.00       9.03606415E-02  0.229625836      -1047668.44       43021252.0     -0.142822266     -0.492105275      -57.1250000       41.0013161    
   7.61718750E-02  0.269819081       4.88281250E-02  -6.71052635E-02   64538680.0       176294.547      -8.31250000      0.206383646       258.000000       22.4690800       1.15625000      0.234868422    
   1.95312500E-03   7.82894790E-02   25818624.0       7996486.00       2.53125000       3.21546048E-02   1.85766310E+09   30268144.0       2.00000000      -4.47368436E-02   48.9687500      -372.210541    
   7457826.50      -11454165.0     -0.125000000     -0.805263162       75.0000000       16.3513165      -60.0000000     -0.223684222       9.74550630E+10  -172026224.      -101.000000       402.184235    
 -0.250000000     -0.984210551       16.0000000       49.3894768       3.12500000E-02  -6.71052635E-02   331.125000       281.305267       26.5000000      -241.936844       3.37199334E+09   2.38163927E+10
   908523.625     -0.364912122       1.81943923E-02   2.53086662       386512.500      0.326668262      0.503067017     -0.562525213       11009842.0      -1.30497932      0.865567863       2.06217170    
   343527.219       1.28599894       297855.844       2.82463288       147590.562      -5.07505313E-02   2064529.75       2.27274036       42566880.0       1.37262547       15543991.0       1.77909815    
   436908.031      0.147566780       246052.469       2.97586489       234812.734      -2.49787712       1696982.75      -1.87339425       7948669.50     -0.686252415       16493897.0       3.07574749    
   156408.156      -2.00955963       487095.250      0.852955043       111777.719      -2.98298526       2947964.00      -1.14228618       10125291.0       1.49204469       36227476.0      -1.07771397    
   73092.8359      -1.56326532       518182.781      -2.74473524       49008.3203       2.98238516       1225248.12      -2.09268951       9484074.00      0.848842800       246989280.      -1.88643360    
   73092.8828       1.57832336       518180.219      -2.74472713       49008.3164       2.98239493       1225246.88      -2.09268117       9484064.00      -2.29274487       246989024.       1.25515950    
   156408.594       1.13203573       487097.906      0.852952957       111777.898      -2.98298264       2947970.00      -1.14228272       10125264.0      -1.64954674       36227424.0       2.06387806    
   436906.906      -2.99402618       246052.359       2.97586894       234813.781      -2.49787521       1696990.88      -1.87338996       7948640.00       2.45535302       16493911.0      -6.58418089E-02
   343528.156      -1.85560119       297855.781       2.82463455       147590.312      -5.07753976E-02   2064531.62       2.27274132       42566852.0      -1.76896536       15543983.0      -1.36249018    
   908523.375       2.77668142      0.165404916     -0.162926465       386512.438      0.326671720      0.345214337      0.288975418       11009821.0       1.83661008       6.85818672      -2.66861415    
   913389.625       2161913.50       2.44140625E-03  -5.96217113E-03  0.904296875      0.585038066       6.25000000E-02   1.04337996E-02   28946486.0       1904751.38     -0.687500000     -0.190789476    
  -1.95312500E-03  -8.94325692E-03   5171486.50       14675108.0       5.40771484E-02   9.31822136E-02   15986504.0       38252124.0       1.39843750      0.201223269       15.9687500      -101.148232    
  -6.44531250E-02 -0.139738381       7.81250000E-02   1.56506989E-02   65151196.0       41263.9297      -48.4375000      0.225654200       100.000000      -6.46075773      0.437500000      0.280222028    
   3.12500000E-02  -3.57730277E-02   16099787.0       61227932.0       3.12500000E-02 -0.446417570       1.90396058E+09   154770896.      -76.0000000       3.67269731      -96.1250000      -577.662842    
   8996550.00      -10586139.0       1.12500000      0.190789476       118.000000      -43.5476990       60.0000000     -0.381578952       9.77048125E+10  -478384640.      -137.000000       5.34210539    
 -0.375000000       3.81578946      -46.5000000      -100.736847     -0.683593750      0.658819914      -317.367188      -197.073608       398.500000       115.427635       1.07609016E+10   2.70447391E+10
   451370.344     -0.159455732       1.00121452E-02  0.321750551       264196.938      -2.69320917      0.156466812      0.472697109       12267338.0      -1.80625975       1.41842103       0.00000000    
   521292.250      0.275132120       48574.2344      -1.58825326       211250.516      0.585917294       38077.4688      0.949036777       27862970.0      -2.23008633       20689074.0      -1.71671903    
   319576.031      -2.29093909       146634.172      -1.90680254       83651.0859      -2.96301889       1501465.88      -1.58265400       9783627.00       1.46580648       14180319.0      -1.57151234    
   235337.375      -1.28129673       527500.062     -0.810634077       2905.54980      0.633243203       995713.750     -0.200620890       3208797.00       1.17907083       48471040.0      -1.75588691    
   123692.578      -1.10545337       643028.500     -0.423025727       67291.6094      -2.12212205       1777079.75       9.27062705E-03   12955932.0      -1.75765133       110831136.      -1.72280717    
   123692.773       2.03614020       643031.750     -0.423025250       67292.2812      -2.12213063       1777086.25       9.27331578E-03   12955928.0       1.38394141       110830952.       1.41878510    
   235336.891       1.86029601       527502.562     -0.810632706       2905.36084      0.633436739       995722.625     -0.200620368       3208806.00      -1.96252131       48470996.0       1.38570654    
   319576.969      0.850651503       146632.219      -1.90679181       83650.8359      -2.96300697       1501453.38      -1.58264852       9783637.00      -1.67578483       14180334.0       1.57008481    
   521291.594      -2.86646223       48574.7500      -1.58824778       211251.656      0.585912466       38073.4492      0.948936999       27863012.0      0.911506951       20689096.0       1.42487490    
   451370.781       2.98213863      0.114375345       3.05845141       264196.875      -2.69320965      0.397307634       2.40551972       12267355.0       1.33532917       2.57123137      -2.16699553    
   835682.938       2018634.62       9.76562500E-04   4.74917749E-03  -3.71093750E-02 -0.136860415       2.34375000E-02  -1.64242387E-02   26156066.0      -7990016.00     -0.687500000       1.21578944    
   9.76562500E-04   0.00000000       4192051.50       12945836.0      0.170166016       2.37706229E-02   12412656.0       37285916.0      0.593750000       1.00049341       35.8828125      -23.8851967    
 -0.301757812      -8.54851976E-02   3.61328125E-02  -7.91529601E-04   65620732.0      -31319.2461      -10.2500000       5.60996607E-02  -170.000000      -7.70949841     -0.625000000     -0.265953958    
   5.85937500E-03  -1.89967100E-02   10937591.0       46912504.0       1.43750000      0.233699113       1.87730112E+09   134414512.       24.0000000      0.113980263       346.906250      -131.507889    
   19975868.0      -5707959.50       1.37500000     -0.126644731      -259.000000      -3.29276323       72.0000000     -0.911842108       9.81371699E+10  -127534240.       13.0000000      -148.326309    
  0.187500000     -0.202631578       55.2500000       52.6842117      0.289062500     -0.411595404       112.031250       296.905914      -192.500000      -225.731583       8.25069517E+09   2.40835400E+10
   1212497.62       2.88914323       1.67675335E-02   1.60827875       87617.6797      0.600216150       7.59204030E-02  -2.75698805       15839166.0       1.16546810       1.60956109      -3.10619068    
   414278.781      -2.37143970       2658.44189       2.84165716       399099.281      -2.69353843       784941.562      -1.41335869       11026087.0      0.420800090       6189860.50       1.23249590    
   32537.6172       2.11895490       199554.562       7.64183998E-02   165038.984      0.834538817       1518791.38      0.943079233       1478589.12       1.74710679       8513340.00       1.19645989    
   50426.2500      -2.31912065       431442.375     -0.221640870       113722.742       1.89510119       1255621.38      0.509292006       1623466.88      -2.72115326       15882630.0      0.628672838    
   158819.500      -1.19651246       359531.281     -0.244028404       171093.250       2.90266395       1119219.50      0.371705413       40907824.0      -2.37656283       19463090.0      -1.65555704    
   158819.906       1.94508374       359532.094     -0.244028717       171094.578       2.90266585       1119221.25      0.371706516       40907760.0      0.765029788       19463016.0       1.48603773    
   50426.1367      0.822459161       431442.438     -0.221638381       113723.312       1.89509797       1255620.88      0.509292424       1623475.25      0.420418382       15882704.0      -2.51291633    
   32538.6875      -1.02266645       199554.703       7.64231011E-02   165039.141      0.834537685       1518797.38      0.943083584       1478597.25      -1.39450431       8513424.00      -1.94513726    
   414279.344      0.770149887       2658.39966       2.84160590       399099.562      -2.69353771       784941.375      -1.41335368       11026072.0      -2.72079110       6189870.50      -1.90909350    
   1212497.88     -0.252449334       3.91167067E-02  -1.39860547       87617.3125      0.600218713      0.276688218       1.86573339       15839181.0      -1.97612405       4.41270161       1.48563695    
   898053.562       1934923.00       1.95312500E-03   0.00000000      0.156250000     -0.386377275       5.46875000E-02  -6.33577025E-03   28369324.0      -9662867.00      0.593750000      0.428947359    
   4.88281250E-04   1.67557562E-03   4134553.25       11020106.0      0.120483398       3.24904583E-02   10796204.0       33119194.0     -0.632812500      0.145775080      -7.71093750       40.6695709    
  -4.88281250E-03   5.44562079E-02  0.264648438      -3.47681940E-02   65863380.0      -225504.328      -22.8125000      0.267882645       12.0000000       4.73852777      0.804687500      0.201069072    
  -1.66015625E-02   6.70230249E-03   9619316.00       38345448.0      -1.21875000      0.291445434       1.86703821E+09   114659880.       206.000000     -0.757360160      -234.390625      -100.051971    
   27605386.0      -7045727.50       1.93750000       0.00000000       23.0000000       6.05217934       16.0000000      0.864597023       9.84411587E+10  -186880144.       645.000000       63.4842110    
   6.25000000E-02  -2.01069069      -9.37500000      -33.4578934      0.710937500      -1.34046050E-02  -57.7656250      -45.5689545      -60.0000000      -43.7526321       8.13162086E+09   2.09750917E+10
   1255551.25     -0.255655617       2.65213801E-03   3.14159274       74736.4688       4.73943306E-03  0.123159535       2.04407454       16121073.0      -1.90372348       1.01211500       1.10714877    
   333941.719       1.86989832       46014.0039      0.504040539       450531.000      0.277422518       808130.625       1.48449934       8058287.50       2.41331029       1908755.62      -5.33083547E-03
   152644.500       2.08812475       33477.0234      0.105424605       15423.6182     -0.751575708       436498.844      -2.61420965       2636678.00       1.02772832       11906209.0      0.790413976    
   204034.188       2.86818004       39772.2188       1.34681904       109269.344      -3.14127541       203874.672       1.55133283       9940474.00       1.09078765       11722316.0      0.698482990    
   172951.750     -0.983372629       324631.250       3.02982640       703893.938      -2.60037398       1001812.44       3.13951421       25324638.0     -0.440247387       4773786.00       2.24374962    
   172952.156       2.15821838       324631.469       3.02982831       703895.062      -2.60037184       1001813.69       3.13951635       25324512.0       2.70134592       4773747.00     -0.897832930    
   204034.562     -0.273413599       39772.3242       1.34683979       109268.008      -3.14126730       203876.547       1.55134833       9940502.00      -2.05080438       11722319.0      -2.44310951    
   152644.484      -1.05346608       33476.7109      0.105452970       15424.0752     -0.751626551       436497.438      -2.61420918       2636657.75      -2.11387014       11906219.0      -2.35117602    
   333941.656      -1.27169859       46013.6641      0.504041791       450531.594      0.277423769       808131.062       1.48450148       8058306.50     -0.728283465       1908695.88       3.13625979    
   1255551.38       2.88593698       9.98345912E-02  0.691336989       74736.9844       4.74543357E-03  0.249671027       1.10239816       16121072.0       1.23786974       4.25519180      -2.22892404    
   929062.062       1771546.88       3.90625000E-03   4.42023017E-03  -6.05468750E-02 -0.406882167      -5.07812500E-02   5.24902344E-03   35108908.0      -7517882.00      0.812500000      0.452631563    
   4.88281250E-04   0.00000000       4257265.00       9115022.00      -9.27734375E-02  -5.24902309E-04   9939768.00       28487236.0       0.00000000       1.23766446E-02  -16.2500000      -58.8421021    
 -0.341308594       6.03361428E-02  -9.03320312E-02  -7.51439109E-02   66709848.0      -433503.656      -56.0625000      0.316488475      -90.0000000      -8.48684162E-02 -0.265625000     -0.235156238    
   1.36718750E-02  -7.07236817E-03   9047150.00       30964906.0      -25.1562500      -7.76993576E-04   1.86106598E+09   96630856.0      -16.0000000      -5.48108518E-02  -171.187500      -274.181580    
   32378718.0      -8734417.00       1.59375000       1.35789466       2.00000000       1.88832235      -20.0000000      0.141447365       9.93256079E+10  -546364416.      -392.500000      -132.621048    
   0.00000000     -0.339473665      -20.5000000      -66.9894714     -0.203125000       3.53618413E-02   128.500000      -287.502380      -118.500000      -1.81052625       8.34244147E+09   1.72874875E+10
   949422.062       2.84559059       1.08491192E-02  -1.03037679       216188.375      -3.00540471      0.105682723      0.641740561       9963393.00       1.30876648      0.578023732     -0.968509018    
   439888.312     -0.766168416       54016.4922      -2.75144076       355480.625       3.01016474       526508.438      -1.89896667       7735611.50      -1.13074112       5895445.50       3.03405190    
   116875.594     -0.426933020       179330.016       2.70083237       5097.31250       2.54527879       253201.500      -2.77299857       1161172.12      -1.78114104       16242221.0      -2.84811616    
   228981.625       1.87480628       95381.4062      0.900543571       221583.969      0.210327834       262721.000      0.776696324       8125584.50       2.64095998       3446096.25     -0.312931120    
   12928.7549     -0.963381648       633127.125       3.10516953       236036.625      -2.64059305       2162383.75      -2.86928034       1175612.50       1.49114645       20329566.0      -2.05570173    
   12928.4326       2.17821336       633125.938       3.10517001       236036.656      -2.64059329       2162381.75      -2.86927843       1175645.38      -1.65043414       20329678.0       1.08589387    
   228981.719      -1.26678765       95381.0391      0.900549412       221584.047      0.210328847       262720.594      0.776702762       8125550.00     -0.500633121       3446058.75       2.82866216    
   116875.938       2.71465874       179329.938       2.70083547       5097.31299       2.54531479       253199.797      -2.77299762       1161176.62       1.36044896       16242235.0      0.293477416    
   439886.562       2.37542272       54016.3984      -2.75144386       355480.875       3.01016498       526509.000      -1.89896715       7735605.00       2.01084757       5895451.00     -0.107541673    
   949422.062     -0.296002150       9.69261900E-02   3.08156872       216188.344      -3.00540400      0.397687376      -1.94435239       9963395.00      -1.83282530       4.38962269      0.768613160    
   994817.125       1558912.75       9.76562500E-04   0.00000000      0.181640625       2.80254148E-02  -7.81250000E-03  -6.16326556E-03   37085872.0      -4413180.50      -9.37500000E-02  0.714473665    
   1.95312500E-03   0.00000000       4377383.00       6535790.50     -0.112548828       5.77951521E-02   9156473.00       22008476.0      0.281250000       4.83758189E-02   14.0000000      -33.5058365    
 -0.182373047      -6.97728153E-03 -0.507568359       5.34924911E-03   66883464.0      -146906.266      -88.1875000      -5.79114370E-02  -102.000000      -5.29901314     -0.847656250       3.72121707E-02
   1.56250000E-02   0.00000000       8822269.00       21511378.0     -0.656250000     -0.124835201       1.85698675E+09   72257256.0       38.0000000      0.409333855      -257.218750      -69.5420990    
   36513704.0      -9542810.00      -1.13085938     -0.535855234      -23.0000000      0.165594161       324.000000      0.774013102       9.95232236E+10  -145642768.       318.250000      -122.413155    
  0.125000000      0.357236832      -6.00000000      -15.7184200      -1.27343750       5.76788634E-02   48.3125000      -32.4155197       70.0000000       85.0223618       8.50093056E+09   1.26546852E+10
   646807.688     -0.386148602       0.00000000       0.00000000       276119.344       7.79695157E-03   5.88859916E-02   3.04192400       6071152.00      -1.79458892      0.760345340      -1.73594499    
   447163.625       2.47499228       40830.5664     -0.188662171       205197.234     -0.535571277       192896.141      0.546730578       6575472.00       1.89057112       8612329.00      0.220758274    
   62199.2109      -2.46663260       233930.812     -0.797069430       41368.2266       2.89664698       448184.750     -0.470078260       1646823.50      -1.79895151       6001105.00     -0.177778453    
   132083.094     -0.662276924       102286.930       2.08882642       37795.7891       1.85870135       348122.188       1.87409210       4382424.50      -1.29312813       7663489.50       2.32725191    
   20543.1191       2.92722726       294778.062      0.787128866       60307.9062      -2.99189711       521018.719      -1.34158874       2231276.00       1.78563809       25472888.0      -1.95245683    
   20543.2734     -0.214362964       294778.156      0.787123978       60307.6250      -2.99189544       521022.188      -1.34158051       2231292.25      -1.35595596       25472854.0       1.18913460    
   132083.234       2.47931600       102287.078       2.08882952       37795.8750       1.85870993       348122.469       1.87409616       4382438.00       1.84846604       7663499.00     -0.814337492    
   62199.2422      0.674945951       233930.891     -0.797068834       41367.7695       2.89665055       448185.281     -0.470078588       1646799.50       1.34265006       6001196.50       2.96382475    
   447163.125     -0.666601598       40830.2617     -0.188664138       205197.359     -0.535570920       192896.062      0.546732306       6575481.00      -1.25102007       8612298.00      -2.92083359    
   646807.438       2.75544477       8.36102366E-02 -0.623643935       276119.438       7.79678067E-03  0.321862906      -1.15873337       6071148.00       1.34700572       3.64062500       2.67410636    
   1095061.12       1370381.00       0.00000000      -1.95312500E-03   1.95312500E-02 -0.158508301       3.90625000E-02   1.02539062E-02   39172924.0      -3080175.00      0.156250000     -0.250000000    
   1.95312500E-03  -3.54003906E-03   6072556.00      -368590.938      -4.83398438E-02  -7.08007812E-03   11133474.0       3300848.25     -0.515625000      -1.17187500E-02   46.7500000       8.96484375    
   1.11083984E-02   2.73437500E-02 -0.283355713       3.36608887E-02   67065172.0      -45661.3477      -9.43750000      0.235229492      -128.000000       1.05859375     -0.640625000     -0.296875000    
   0.00000000       9.76562500E-04   15131126.0      -742875.875      -8.12500000       8.64257812E-02   1.86552422E+09   9799672.00      -122.000000       7.81250000E-02   39.6875000      -62.8906250    
   39401508.0      -9550239.00      -1.54687500      0.250000000      -24.0000000      0.566406250       184.000000      -1.40234375       9.96974264E+10  -34658888.0      -116.601562      -25.5000000    
   0.00000000     -0.375000000       12.5000000      -31.0000000       9.37500000E-02  0.630859375      -31.9687500      -129.324219       749.000000      -233.125000       1.07551314E+10   1.75843853E+09
